* 亜風実 (Afumi/Affriza) Super Flat Sample Test File
*
* Freq(Hz) SPL(dB) Phase(degrees)
20.000000 48.000 0.0000
20.144928 48.000 0.0000
20.290907 48.000 0.0000
20.437943 48.000 0.0000
20.586044 48.000 0.0000
20.735220 48.000 0.0000
20.885475 48.000 0.0000
21.036819 48.000 0.0000
21.189260 48.000 0.0000
21.342806 48.000 0.0000
21.497465 48.000 0.0000
21.653244 48.000 0.0000
21.810152 48.000 0.0000
21.968197 48.000 0.0000
22.127388 48.000 0.0000
22.287733 48.000 0.0000
22.449240 48.000 0.0000
22.611916 48.000 0.0000
22.775770 48.000 0.0000
22.940813 48.000 0.0000
23.107052 48.000 0.0000
23.274494 48.000 0.0000
23.443151 48.000 0.0000
23.613029 48.000 0.0000
23.784140 48.000 0.0000
23.956490 48.000 0.0000
24.130089 48.000 0.0000
24.304945 48.000 0.0000
24.481070 48.000 0.0000
24.658470 48.000 0.0000
24.837156 48.000 0.0000
25.017136 48.000 0.0000
25.198420 48.000 0.0000
25.381018 48.000 0.0000
25.564939 48.000 0.0000
25.750193 48.000 0.0000
25.936789 48.000 0.0000
26.124737 48.000 0.0000
26.314047 48.000 0.0000
26.504730 48.000 0.0000
26.696795 48.000 0.0000
26.890251 48.000 0.0000
27.085110 48.000 0.0000
27.281380 48.000 0.0000
27.479073 48.000 0.0000
27.678198 48.000 0.0000
27.878765 48.000 0.0000
28.080786 48.000 0.0000
28.284271 48.000 0.0000
28.489231 48.000 0.0000
28.695675 48.000 0.0000
28.903616 48.000 0.0000
29.113064 48.000 0.0000
29.324030 48.000 0.0000
29.536524 48.000 0.0000
29.750557 48.000 0.0000
29.966143 48.000 0.0000
30.183290 48.000 0.0000
30.402012 48.000 0.0000
30.622318 48.000 0.0000
30.844221 48.000 0.0000
31.067732 48.000 0.0000
31.292862 48.000 0.0000
31.519623 48.000 0.0000
31.748028 48.000 0.0000
31.978086 48.000 0.0000
32.209812 48.000 0.0000
32.443218 48.000 0.0000
32.678314 48.000 0.0000
32.915115 48.000 0.0000
33.153633 48.000 0.0000
33.393879 48.000 0.0000
33.635864 48.000 0.0000
33.879604 48.000 0.0000
34.125111 48.000 0.0000
34.372395 48.000 0.0000
34.621471 48.000 0.0000
34.872353 48.000 0.0000
35.125053 48.000 0.0000
35.379585 48.000 0.0000
35.635960 48.000 0.0000
35.894192 48.000 0.0000
36.154297 48.000 0.0000
36.416286 48.000 0.0000
36.680176 48.000 0.0000
36.945976 48.000 0.0000
37.213703 48.000 0.0000
37.483368 48.000 0.0000
37.754990 48.000 0.0000
38.028580 48.000 0.0000
38.304150 48.000 0.0000
38.581718 48.000 0.0000
38.861298 48.000 0.0000
39.142902 48.000 0.0000
39.426548 48.000 0.0000
39.712250 48.000 0.0000
40.000023 48.000 0.0000
40.289879 48.000 0.0000
40.581837 48.000 0.0000
40.875908 48.000 0.0000
41.172112 48.000 0.0000
41.470463 48.000 0.0000
41.770973 48.000 0.0000
42.073662 48.000 0.0000
42.378544 48.000 0.0000
42.685635 48.000 0.0000
42.994953 48.000 0.0000
43.306511 48.000 0.0000
43.620327 48.000 0.0000
43.936417 48.000 0.0000
44.254799 48.000 0.0000
44.575489 48.000 0.0000
44.898502 48.000 0.0000
45.223854 48.000 0.0000
45.551563 48.000 0.0000
45.881649 48.000 0.0000
46.214127 48.000 0.0000
46.549015 48.000 0.0000
46.886330 48.000 0.0000
47.226086 48.000 0.0000
47.568306 48.000 0.0000
47.913006 48.000 0.0000
48.260204 48.000 0.0000
48.609917 48.000 0.0000
48.962166 48.000 0.0000
49.316967 48.000 0.0000
49.674339 48.000 0.0000
50.034302 48.000 0.0000
50.396870 48.000 0.0000
50.762066 48.000 0.0000
51.129910 48.000 0.0000
51.500420 48.000 0.0000
51.873611 48.000 0.0000
52.249508 48.000 0.0000
52.628128 48.000 0.0000
53.009495 48.000 0.0000
53.393623 48.000 0.0000
53.780537 48.000 0.0000
54.170254 48.000 0.0000
54.562794 48.000 0.0000
54.958179 48.000 0.0000
55.356430 48.000 0.0000
55.757565 48.000 0.0000
56.161606 48.000 0.0000
56.568577 48.000 0.0000
56.978497 48.000 0.0000
57.391388 48.000 0.0000
57.807270 48.000 0.0000
58.226166 48.000 0.0000
58.648098 48.000 0.0000
59.073086 48.000 0.0000
59.501152 48.000 0.0000
59.932323 48.000 0.0000
60.366619 48.000 0.0000
60.804062 48.000 0.0000
61.244675 48.000 0.0000
61.688480 48.000 0.0000
62.135502 48.000 0.0000
62.585762 48.000 0.0000
63.039284 48.000 0.0000
63.496094 48.000 0.0000
63.956211 48.000 0.0000
64.419662 48.000 0.0000
64.886475 48.000 0.0000
65.356667 48.000 0.0000
65.830269 48.000 0.0000
66.307304 48.000 0.0000
66.787796 48.000 0.0000
67.271767 48.000 0.0000
67.759247 48.000 0.0000
68.250259 48.000 0.0000
68.744827 48.000 0.0000
69.242981 48.000 0.0000
69.744743 48.000 0.0000
70.250145 48.000 0.0000
70.759209 48.000 0.0000
71.271957 48.000 0.0000
71.788422 48.000 0.0000
72.308632 48.000 0.0000
72.832611 48.000 0.0000
73.360390 48.000 0.0000
73.891991 48.000 0.0000
74.427444 48.000 0.0000
74.966774 48.000 0.0000
75.510017 48.000 0.0000
76.057198 48.000 0.0000
76.608337 48.000 0.0000
77.163475 48.000 0.0000
77.722633 48.000 0.0000
78.285843 48.000 0.0000
78.853134 48.000 0.0000
79.424538 48.000 0.0000
80.000084 48.000 0.0000
80.579796 48.000 0.0000
81.163712 48.000 0.0000
81.751854 48.000 0.0000
82.344261 48.000 0.0000
82.940964 48.000 0.0000
83.541985 48.000 0.0000
84.147362 48.000 0.0000
84.757126 48.000 0.0000
85.371307 48.000 0.0000
85.989944 48.000 0.0000
86.613060 48.000 0.0000
87.240692 48.000 0.0000
87.872871 48.000 0.0000
88.509636 48.000 0.0000
89.151016 48.000 0.0000
89.797043 48.000 0.0000
90.447746 48.000 0.0000
91.103165 48.000 0.0000
91.763336 48.000 0.0000
92.428291 48.000 0.0000
93.098068 48.000 0.0000
93.772697 48.000 0.0000
94.452209 48.000 0.0000
95.136650 48.000 0.0000
95.826050 48.000 0.0000
96.520447 48.000 0.0000
97.219872 48.000 0.0000
97.924370 48.000 0.0000
98.633972 48.000 0.0000
99.348717 48.000 0.0000
100.068642 48.000 0.0000
100.793777 48.000 0.0000
101.524170 48.000 0.0000
102.259857 48.000 0.0000
103.000877 48.000 0.0000
103.747261 48.000 0.0000
104.499054 48.000 0.0000
105.256294 48.000 0.0000
106.019028 48.000 0.0000
106.787285 48.000 0.0000
107.561111 48.000 0.0000
108.340546 48.000 0.0000
109.125626 48.000 0.0000
109.916397 48.000 0.0000
110.712898 48.000 0.0000
111.515167 48.000 0.0000
112.323250 48.000 0.0000
113.137192 48.000 0.0000
113.957031 48.000 0.0000
114.782814 48.000 0.0000
115.614578 48.000 0.0000
116.452370 48.000 0.0000
117.296234 48.000 0.0000
118.146210 48.000 0.0000
119.002342 48.000 0.0000
119.864685 48.000 0.0000
120.733276 48.000 0.0000
121.608162 48.000 0.0000
122.489388 48.000 0.0000
123.376999 48.000 0.0000
124.271042 48.000 0.0000
125.171562 48.000 0.0000
126.078606 48.000 0.0000
126.992226 48.000 0.0000
127.912460 48.000 0.0000
128.839371 48.000 0.0000
129.772995 48.000 0.0000
130.713379 48.000 0.0000
131.660583 48.000 0.0000
132.614655 48.000 0.0000
133.575638 48.000 0.0000
134.543579 48.000 0.0000
135.518539 48.000 0.0000
136.500565 48.000 0.0000
137.489700 48.000 0.0000
138.486008 48.000 0.0000
139.489532 48.000 0.0000
140.500336 48.000 0.0000
141.518463 48.000 0.0000
142.543961 48.000 0.0000
143.576889 48.000 0.0000
144.617310 48.000 0.0000
145.665268 48.000 0.0000
146.720825 48.000 0.0000
147.784027 48.000 0.0000
148.854935 48.000 0.0000
149.933594 48.000 0.0000
151.020081 48.000 0.0000
152.114441 48.000 0.0000
153.216721 48.000 0.0000
154.326996 48.000 0.0000
155.445312 48.000 0.0000
156.571732 48.000 0.0000
157.706314 48.000 0.0000
158.849121 48.000 0.0000
160.000214 48.000 0.0000
161.159637 48.000 0.0000
162.327469 48.000 0.0000
163.503754 48.000 0.0000
164.688568 48.000 0.0000
165.881973 48.000 0.0000
167.084015 48.000 0.0000
168.294769 48.000 0.0000
169.514297 48.000 0.0000
170.742661 48.000 0.0000
171.979935 48.000 0.0000
173.226166 48.000 0.0000
174.481430 48.000 0.0000
175.745789 48.000 0.0000
177.019318 48.000 0.0000
178.302078 48.000 0.0000
179.594131 48.000 0.0000
180.895538 48.000 0.0000
182.206375 48.000 0.0000
183.526718 48.000 0.0000
184.856628 48.000 0.0000
186.196182 48.000 0.0000
187.545441 48.000 0.0000
188.904465 48.000 0.0000
190.273346 48.000 0.0000
191.652145 48.000 0.0000
193.040939 48.000 0.0000
194.439789 48.000 0.0000
195.848785 48.000 0.0000
197.267990 48.000 0.0000
198.697479 48.000 0.0000
200.137329 48.000 0.0000
201.587601 48.000 0.0000
203.048386 48.000 0.0000
204.519760 48.000 0.0000
206.001801 48.000 0.0000
207.494568 48.000 0.0000
208.998154 48.000 0.0000
210.512634 48.000 0.0000
212.038101 48.000 0.0000
213.574615 48.000 0.0000
215.122269 48.000 0.0000
216.681137 48.000 0.0000
218.251297 48.000 0.0000
219.832840 48.000 0.0000
221.425842 48.000 0.0000
223.030380 48.000 0.0000
224.646545 48.000 0.0000
226.274429 48.000 0.0000
227.914108 48.000 0.0000
229.565674 48.000 0.0000
231.229202 48.000 0.0000
232.904785 48.000 0.0000
234.592514 48.000 0.0000
236.292465 48.000 0.0000
238.004730 48.000 0.0000
239.729416 48.000 0.0000
241.466599 48.000 0.0000
243.216370 48.000 0.0000
244.978821 48.000 0.0000
246.754044 48.000 0.0000
248.542130 48.000 0.0000
250.343170 48.000 0.0000
252.157257 48.000 0.0000
253.984497 48.000 0.0000
255.824966 48.000 0.0000
257.678772 48.000 0.0000
259.546021 48.000 0.0000
261.426788 48.000 0.0000
263.321198 48.000 0.0000
265.229340 48.000 0.0000
267.151306 48.000 0.0000
269.087189 48.000 0.0000
271.037109 48.000 0.0000
273.001160 48.000 0.0000
274.979431 48.000 0.0000
276.972046 48.000 0.0000
278.979095 48.000 0.0000
281.000702 48.000 0.0000
283.036957 48.000 0.0000
285.087952 48.000 0.0000
287.153809 48.000 0.0000
289.234650 48.000 0.0000
291.330566 48.000 0.0000
293.441681 48.000 0.0000
295.568085 48.000 0.0000
297.709900 48.000 0.0000
299.867218 48.000 0.0000
302.040192 48.000 0.0000
304.228912 48.000 0.0000
306.433472 48.000 0.0000
308.654022 48.000 0.0000
310.890656 48.000 0.0000
313.143494 48.000 0.0000
315.412659 48.000 0.0000
317.698273 48.000 0.0000
320.000458 48.000 0.0000
322.319305 48.000 0.0000
324.654968 48.000 0.0000
327.007538 48.000 0.0000
329.377167 48.000 0.0000
331.763977 48.000 0.0000
334.168091 48.000 0.0000
336.589600 48.000 0.0000
339.028656 48.000 0.0000
341.485413 48.000 0.0000
343.959961 48.000 0.0000
346.452423 48.000 0.0000
348.962952 48.000 0.0000
351.491669 48.000 0.0000
354.038727 48.000 0.0000
356.604248 48.000 0.0000
359.188354 48.000 0.0000
361.791168 48.000 0.0000
364.412842 48.000 0.0000
367.053528 48.000 0.0000
369.713348 48.000 0.0000
372.392456 48.000 0.0000
375.090973 48.000 0.0000
377.809052 48.000 0.0000
380.546814 48.000 0.0000
383.304413 48.000 0.0000
386.082001 48.000 0.0000
388.879700 48.000 0.0000
391.697693 48.000 0.0000
394.536102 48.000 0.0000
397.395081 48.000 0.0000
400.274780 48.000 0.0000
403.175323 48.000 0.0000
406.096893 48.000 0.0000
409.039642 48.000 0.0000
412.003723 48.000 0.0000
414.989258 48.000 0.0000
417.996429 48.000 0.0000
421.025391 48.000 0.0000
424.076324 48.000 0.0000
427.149353 48.000 0.0000
430.244659 48.000 0.0000
433.362396 48.000 0.0000
436.502716 48.000 0.0000
439.665802 48.000 0.0000
442.851807 48.000 0.0000
446.060883 48.000 0.0000
449.293213 48.000 0.0000
452.548981 48.000 0.0000
455.828339 48.000 0.0000
459.131470 48.000 0.0000
462.458527 48.000 0.0000
465.809692 48.000 0.0000
469.185150 48.000 0.0000
472.585052 48.000 0.0000
476.009613 48.000 0.0000
479.458984 48.000 0.0000
482.933350 48.000 0.0000
486.432892 48.000 0.0000
489.957794 48.000 0.0000
493.508240 48.000 0.0000
497.084412 48.000 0.0000
500.686493 48.000 0.0000
504.314667 48.000 0.0000
507.969147 48.000 0.0000
511.650085 48.000 0.0000
515.357727 48.000 0.0000
519.092224 48.000 0.0000
522.853760 48.000 0.0000
526.642578 48.000 0.0000
530.458862 48.000 0.0000
534.302795 48.000 0.0000
538.174561 48.000 0.0000
542.074402 48.000 0.0000
546.002502 48.000 0.0000
549.959045 48.000 0.0000
553.944275 48.000 0.0000
557.958374 48.000 0.0000
562.001587 48.000 0.0000
566.074097 48.000 0.0000
570.176086 48.000 0.0000
574.307800 48.000 0.0000
578.469482 48.000 0.0000
582.661316 48.000 0.0000
586.883545 48.000 0.0000
591.136353 48.000 0.0000
595.419983 48.000 0.0000
599.734619 48.000 0.0000
604.080566 48.000 0.0000
608.458008 48.000 0.0000
612.867126 48.000 0.0000
617.308228 48.000 0.0000
621.781494 48.000 0.0000
626.287170 48.000 0.0000
630.825500 48.000 0.0000
635.396729 48.000 0.0000
640.001099 48.000 0.0000
644.638794 48.000 0.0000
649.310120 48.000 0.0000
654.015259 48.000 0.0000
658.754517 48.000 0.0000
663.528137 48.000 0.0000
668.336365 48.000 0.0000
673.179382 48.000 0.0000
678.057495 48.000 0.0000
682.971008 48.000 0.0000
687.920105 48.000 0.0000
692.905029 48.000 0.0000
697.926086 48.000 0.0000
702.983521 48.000 0.0000
708.077637 48.000 0.0000
713.208679 48.000 0.0000
718.376892 48.000 0.0000
723.582520 48.000 0.0000
728.825867 48.000 0.0000
734.107239 48.000 0.0000
739.426880 48.000 0.0000
744.785095 48.000 0.0000
750.182129 48.000 0.0000
755.618286 48.000 0.0000
761.093811 48.000 0.0000
766.609009 48.000 0.0000
772.164185 48.000 0.0000
777.759583 48.000 0.0000
783.395569 48.000 0.0000
789.072388 48.000 0.0000
794.790344 48.000 0.0000
800.549744 48.000 0.0000
806.350830 48.000 0.0000
812.193970 48.000 0.0000
818.079468 48.000 0.0000
824.007629 48.000 0.0000
829.978699 48.000 0.0000
835.993042 48.000 0.0000
842.050964 48.000 0.0000
848.152832 48.000 0.0000
854.298889 48.000 0.0000
860.489502 48.000 0.0000
866.724976 48.000 0.0000
873.005615 48.000 0.0000
879.331787 48.000 0.0000
885.703796 48.000 0.0000
892.121948 48.000 0.0000
898.586609 48.000 0.0000
905.098145 48.000 0.0000
911.656860 48.000 0.0000
918.263123 48.000 0.0000
924.917236 48.000 0.0000
931.619568 48.000 0.0000
938.370483 48.000 0.0000
945.170288 48.000 0.0000
952.019409 48.000 0.0000
958.918152 48.000 0.0000
965.866882 48.000 0.0000
972.865967 48.000 0.0000
979.915771 48.000 0.0000
987.016663 48.000 0.0000
994.169006 48.000 0.0000
1001.373169 48.000 0.0000
1008.629517 48.000 0.0000
1015.938477 48.000 0.0000
1023.300415 48.000 0.0000
1030.715698 48.000 0.0000
1038.184692 48.000 0.0000
1045.707764 48.000 0.0000
1053.285400 48.000 0.0000
1060.917969 48.000 0.0000
1068.605835 48.000 0.0000
1076.349365 48.000 0.0000
1084.149048 48.000 0.0000
1092.005249 48.000 0.0000
1099.918335 48.000 0.0000
1107.888794 48.000 0.0000
1115.916992 48.000 0.0000
1124.003418 48.000 0.0000
1132.148438 48.000 0.0000
1140.352417 48.000 0.0000
1148.615845 48.000 0.0000
1156.939209 48.000 0.0000
1165.322876 48.000 0.0000
1173.767334 48.000 0.0000
1182.272949 48.000 0.0000
1190.840210 48.000 0.0000
1199.469482 48.000 0.0000
1208.161377 48.000 0.0000
1216.916260 48.000 0.0000
1225.734497 48.000 0.0000
1234.616699 48.000 0.0000
1243.563232 48.000 0.0000
1252.574585 48.000 0.0000
1261.651245 48.000 0.0000
1270.793701 48.000 0.0000
1280.002441 48.000 0.0000
1289.277832 48.000 0.0000
1298.620483 48.000 0.0000
1308.030762 48.000 0.0000
1317.509277 48.000 0.0000
1327.056519 48.000 0.0000
1336.672974 48.000 0.0000
1346.359009 48.000 0.0000
1356.115234 48.000 0.0000
1365.942261 48.000 0.0000
1375.840454 48.000 0.0000
1385.810303 48.000 0.0000
1395.852417 48.000 0.0000
1405.967285 48.000 0.0000
1416.155518 48.000 0.0000
1426.417603 48.000 0.0000
1436.754028 48.000 0.0000
1447.165283 48.000 0.0000
1457.652100 48.000 0.0000
1468.214844 48.000 0.0000
1478.854126 48.000 0.0000
1489.570557 48.000 0.0000
1500.364624 48.000 0.0000
1511.236938 48.000 0.0000
1522.187988 48.000 0.0000
1533.218384 48.000 0.0000
1544.328735 48.000 0.0000
1555.519531 48.000 0.0000
1566.791504 48.000 0.0000
1578.145142 48.000 0.0000
1589.581055 48.000 0.0000
1601.099854 48.000 0.0000
1612.702026 48.000 0.0000
1624.388306 48.000 0.0000
1636.159302 48.000 0.0000
1648.015625 48.000 0.0000
1659.957886 48.000 0.0000
1671.986572 48.000 0.0000
1684.102417 48.000 0.0000
1696.306152 48.000 0.0000
1708.598267 48.000 0.0000
1720.979492 48.000 0.0000
1733.450439 48.000 0.0000
1746.011719 48.000 0.0000
1758.664062 48.000 0.0000
1771.408081 48.000 0.0000
1784.244385 48.000 0.0000
1797.173706 48.000 0.0000
1810.196777 48.000 0.0000
1823.314209 48.000 0.0000
1836.526733 48.000 0.0000
1849.834961 48.000 0.0000
1863.239624 48.000 0.0000
1876.741455 48.000 0.0000
1890.341064 48.000 0.0000
1904.039307 48.000 0.0000
1917.836792 48.000 0.0000
1931.734253 48.000 0.0000
1945.732422 48.000 0.0000
1959.832031 48.000 0.0000
1974.033813 48.000 0.0000
1988.338501 48.000 0.0000
2002.746826 48.000 0.0000
2017.259521 48.000 0.0000
2031.877441 48.000 0.0000
2046.601318 48.000 0.0000
2061.431885 48.000 0.0000
2076.369873 48.000 0.0000
2091.416016 48.000 0.0000
2106.571289 48.000 0.0000
2121.836426 48.000 0.0000
2137.212158 48.000 0.0000
2152.699219 48.000 0.0000
2168.298584 48.000 0.0000
2184.010986 48.000 0.0000
2199.837158 48.000 0.0000
2215.778076 48.000 0.0000
2231.834473 48.000 0.0000
2248.007324 48.000 0.0000
2264.297363 48.000 0.0000
2280.705322 48.000 0.0000
2297.232178 48.000 0.0000
2313.878906 48.000 0.0000
2330.646240 48.000 0.0000
2347.535156 48.000 0.0000
2364.546387 48.000 0.0000
2381.680908 48.000 0.0000
2398.939453 48.000 0.0000
2416.323242 48.000 0.0000
2433.833008 48.000 0.0000
2451.469482 48.000 0.0000
2469.233887 48.000 0.0000
2487.126953 48.000 0.0000
2505.149658 48.000 0.0000
2523.302979 48.000 0.0000
2541.587891 48.000 0.0000
2560.005371 48.000 0.0000
2578.556152 48.000 0.0000
2597.241455 48.000 0.0000
2616.062256 48.000 0.0000
2635.019287 48.000 0.0000
2654.113770 48.000 0.0000
2673.346680 48.000 0.0000
2692.718750 48.000 0.0000
2712.231201 48.000 0.0000
2731.885254 48.000 0.0000
2751.681641 48.000 0.0000
2771.621582 48.000 0.0000
2791.705811 48.000 0.0000
2811.935547 48.000 0.0000
2832.312012 48.000 0.0000
2852.836182 48.000 0.0000
2873.509033 48.000 0.0000
2894.331543 48.000 0.0000
2915.305176 48.000 0.0000
2936.430664 48.000 0.0000
2957.709229 48.000 0.0000
2979.142090 48.000 0.0000
3000.730225 48.000 0.0000
3022.474854 48.000 0.0000
3044.376953 48.000 0.0000
3066.437744 48.000 0.0000
3088.658447 48.000 0.0000
3111.040039 48.000 0.0000
3133.583984 48.000 0.0000
3156.291260 48.000 0.0000
3179.163086 48.000 0.0000
3202.200684 48.000 0.0000
3225.405029 48.000 0.0000
3248.777588 48.000 0.0000
3272.319580 48.000 0.0000
3296.032227 48.000 0.0000
3319.916748 48.000 0.0000
3343.974121 48.000 0.0000
3368.206055 48.000 0.0000
3392.613525 48.000 0.0000
3417.197754 48.000 0.0000
3441.960205 48.000 0.0000
3466.902100 48.000 0.0000
3492.024658 48.000 0.0000
3517.329346 48.000 0.0000
3542.817383 48.000 0.0000
3568.489990 48.000 0.0000
3594.348633 48.000 0.0000
3620.394775 48.000 0.0000
3646.629639 48.000 0.0000
3673.054688 48.000 0.0000
3699.671143 48.000 0.0000
3726.480469 48.000 0.0000
3753.484131 48.000 0.0000
3780.683350 48.000 0.0000
3808.079834 48.000 0.0000
3835.674805 48.000 0.0000
3863.469727 48.000 0.0000
3891.466064 48.000 0.0000
3919.665283 48.000 0.0000
3948.068848 48.000 0.0000
3976.678223 48.000 0.0000
4005.494873 48.000 0.0000
4034.520264 48.000 0.0000
4063.756104 48.000 0.0000
4093.203857 48.000 0.0000
4122.864746 48.000 0.0000
4152.740723 48.000 0.0000
4182.833008 48.000 0.0000
4213.143555 48.000 0.0000
4243.673828 48.000 0.0000
4274.425293 48.000 0.0000
4305.399414 48.000 0.0000
4336.598145 48.000 0.0000
4368.022949 48.000 0.0000
4399.675293 48.000 0.0000
4431.557129 48.000 0.0000
4463.669922 48.000 0.0000
4496.015625 48.000 0.0000
4528.595703 48.000 0.0000
4561.411621 48.000 0.0000
4594.465332 48.000 0.0000
4627.758789 48.000 0.0000
4661.293457 48.000 0.0000
4695.071289 48.000 0.0000
4729.093750 48.000 0.0000
4763.362793 48.000 0.0000
4797.879883 48.000 0.0000
4832.647461 48.000 0.0000
4867.666992 48.000 0.0000
4902.939941 48.000 0.0000
4938.468750 48.000 0.0000
4974.254883 48.000 0.0000
5010.300293 48.000 0.0000
5046.606934 48.000 0.0000
5083.176758 48.000 0.0000
5120.011719 48.000 0.0000
5157.113281 48.000 0.0000
5194.483887 48.000 0.0000
5232.125488 48.000 0.0000
5270.039551 48.000 0.0000
5308.228516 48.000 0.0000
5346.694336 48.000 0.0000
5385.438477 48.000 0.0000
5424.463379 48.000 0.0000
5463.771484 48.000 0.0000
5503.364258 48.000 0.0000
5543.244141 48.000 0.0000
5583.412598 48.000 0.0000
5623.872070 48.000 0.0000
5664.625000 48.000 0.0000
5705.673340 48.000 0.0000
5747.019043 48.000 0.0000
5788.664551 48.000 0.0000
5830.611816 48.000 0.0000
5872.862793 48.000 0.0000
5915.419922 48.000 0.0000
5958.285645 48.000 0.0000
6001.461914 48.000 0.0000
6044.951172 48.000 0.0000
6088.755371 48.000 0.0000
6132.876953 48.000 0.0000
6177.318359 48.000 0.0000
6222.081543 48.000 0.0000
6267.169434 48.000 0.0000
6312.583984 48.000 0.0000
6358.327637 48.000 0.0000
6404.402832 48.000 0.0000
6450.812012 48.000 0.0000
6497.557129 48.000 0.0000
6544.641113 48.000 0.0000
6592.066406 48.000 0.0000
6639.835449 48.000 0.0000
6687.950195 48.000 0.0000
6736.414062 48.000 0.0000
6785.229004 48.000 0.0000
6834.397461 48.000 0.0000
6883.922363 48.000 0.0000
6933.806152 48.000 0.0000
6984.051270 48.000 0.0000
7034.660645 48.000 0.0000
7085.636719 48.000 0.0000
7136.981934 48.000 0.0000
7188.699219 48.000 0.0000
7240.791504 48.000 0.0000
7293.261230 48.000 0.0000
7346.111328 48.000 0.0000
7399.344238 48.000 0.0000
7452.962891 48.000 0.0000
7506.970215 48.000 0.0000
7561.368652 48.000 0.0000
7616.161621 48.000 0.0000
7671.351562 48.000 0.0000
7726.941406 48.000 0.0000
7782.934082 48.000 0.0000
7839.332520 48.000 0.0000
7896.139648 48.000 0.0000
7953.358398 48.000 0.0000
8010.991699 48.000 0.0000
8069.042480 48.000 0.0000
8127.514160 48.000 0.0000
8186.409668 48.000 0.0000
8245.731445 48.000 0.0000
8305.483398 48.000 0.0000
8365.667969 48.000 0.0000
8426.289062 48.000 0.0000
8487.349609 48.000 0.0000
8548.852539 48.000 0.0000
8610.800781 48.000 0.0000
8673.198242 48.000 0.0000
8736.047852 48.000 0.0000
8799.352539 48.000 0.0000
8863.116211 48.000 0.0000
8927.341797 48.000 0.0000
8992.033203 48.000 0.0000
9057.193359 48.000 0.0000
9122.825195 48.000 0.0000
9188.932617 48.000 0.0000
9255.519531 48.000 0.0000
9322.588867 48.000 0.0000
9390.144531 48.000 0.0000
9458.189453 48.000 0.0000
9526.727539 48.000 0.0000
9595.761719 48.000 0.0000
9665.296875 48.000 0.0000
9735.335938 48.000 0.0000
9805.881836 48.000 0.0000
9876.939453 48.000 0.0000
9948.511719 48.000 0.0000
10020.602539 48.000 0.0000
10093.215820 48.000 0.0000
10166.355469 48.000 0.0000
10240.025391 48.000 0.0000
10314.228516 48.000 0.0000
10388.969727 48.000 0.0000
10464.252930 48.000 0.0000
10540.081055 48.000 0.0000
10616.458984 48.000 0.0000
10693.390625 48.000 0.0000
10770.878906 48.000 0.0000
10848.928711 48.000 0.0000
10927.544922 48.000 0.0000
11006.730469 48.000 0.0000
11086.490234 48.000 0.0000
11166.827148 48.000 0.0000
11247.746094 48.000 0.0000
11329.251953 48.000 0.0000
11411.348633 48.000 0.0000
11494.040039 48.000 0.0000
11577.331055 48.000 0.0000
11661.225586 48.000 0.0000
11745.727539 48.000 0.0000
11830.841797 48.000 0.0000
11916.573242 48.000 0.0000
12002.925781 48.000 0.0000
12089.904297 48.000 0.0000
12177.512695 48.000 0.0000
12265.755859 48.000 0.0000
12354.638672 48.000 0.0000
12444.165039 48.000 0.0000
12534.340820 48.000 0.0000
12625.169922 48.000 0.0000
12716.657227 48.000 0.0000
12808.807617 48.000 0.0000
12901.625977 48.000 0.0000
12995.116211 48.000 0.0000
13089.284180 48.000 0.0000
13184.134766 48.000 0.0000
13279.672852 48.000 0.0000
13375.903320 48.000 0.0000
13472.831055 48.000 0.0000
13570.460938 48.000 0.0000
13668.797852 48.000 0.0000
13767.847656 48.000 0.0000
13867.615234 48.000 0.0000
13968.105469 48.000 0.0000
14069.324219 48.000 0.0000
14171.276367 48.000 0.0000
14273.966797 48.000 0.0000
14377.401367 48.000 0.0000
14481.585938 48.000 0.0000
14586.525391 48.000 0.0000
14692.225586 48.000 0.0000
14798.691406 48.000 0.0000
14905.928711 48.000 0.0000
15013.943359 48.000 0.0000
15122.740234 48.000 0.0000
15232.326172 48.000 0.0000
15342.706055 48.000 0.0000
15453.885742 48.000 0.0000
15565.871094 48.000 0.0000
15678.667969 48.000 0.0000
15792.282227 48.000 0.0000
15906.719727 48.000 0.0000
16021.986328 48.000 0.0000
16138.087891 48.000 0.0000
16255.031250 48.000 0.0000
16372.822266 48.000 0.0000
16491.466797 48.000 0.0000
16610.970703 48.000 0.0000
16731.339844 48.000 0.0000
16852.582031 48.000 0.0000
16974.703125 48.000 0.0000
17097.708984 48.000 0.0000
17221.605469 48.000 0.0000
17346.400391 48.000 0.0000
17472.099609 48.000 0.0000
17598.708984 48.000 0.0000
17726.236328 48.000 0.0000
17854.687500 48.000 0.0000
17984.070312 48.000 0.0000
18114.390625 48.000 0.0000
18245.654297 48.000 0.0000
18377.869141 48.000 0.0000
18511.042969 48.000 0.0000
18645.181641 48.000 0.0000
18780.292969 48.000 0.0000
18916.382812 48.000 0.0000
19053.458984 48.000 0.0000
19191.527344 48.000 0.0000
19330.597656 48.000 0.0000
19470.675781 48.000 0.0000
19611.767578 48.000 0.0000
19753.882812 0.000 0.0000
